5000
65
71
78
1
16
69
51
29
64
44
88
16
27
25
39
14
13
78
99
69
79
14
34
80
60
78
60
3
43
16
46
46
50
100
83
23
87
23
36
9
80
76
14
5
87
85
53
80
18
23
44
14
71
40
10
39
0
89
43
39
10
12
100
83
12
42
51
93
14
100
1
70
74
59
12
89
83
24
19
10
2
86
16
87
20
23
5
3
45
24
66
96
24
74
63
68
42
18
88
28
52
43
75
83
38
71
6
0
46
84
91
29
72
77
29
69
39
84
96
31
21
45
28
81
6
13
88
60
59
16
46
80
96
47
29
25
5
92
56
59
19
17
96
40
1
63
51
16
75
34
46
68
35
30
3
4
3
6
20
95
26
80
21
16
62
88
46
44
10
85
9
96
78
86
73
0
14
90
50
36
8
56
8
56
12
35
32
64
86
41
88
28
93
35
46
37
39
95
84
43
83
51
90
74
96
21
39
37
3
8
23
16
61
61
89
15
98
85
95
20
91
15
41
34
96
58
100
76
55
97
68
66
15
28
2
53
46
41
68
3
64
68
31
15
93
52
37
72
72
76
80
77
13
77
97
22
72
51
15
2
95
4
21
63
85
64
86
13
31
67
25
46
89
25
44
96
93
5
92
40
24
31
23
8
94
80
93
64
19
1
80
79
52
27
100
76
2
39
60
28
9
18
68
70
45
98
49
49
53
13
39
32
58
80
26
95
29
77
77
38
97
89
83
2
55
68
26
87
33
28
63
49
97
91
100
44
90
86
50
26
9
94
25
39
85
47
22
78
53
99
33
63
84
86
46
0
17
43
88
72
9
86
12
10
47
87
2
14
31
12
67
95
29
61
36
52
31
50
86
57
95
30
92
4
68
31
16
63
67
31
38
70
71
76
20
57
11
95
72
37
28
28
44
53
13
75
63
66
50
80
95
9
66
34
8
5
99
81
40
35
77
98
6
95
45
28
24
54
3
4
30
99
29
84
25
94
8
19
27
71
45
97
17
37
48
11
51
1
95
52
96
84
0
33
26
69
82
4
8
25
21
29
59
60
42
3
67
99
78
63
73
94
22
67
82
99
62
83
67
7
15
7
14
97
60
2
76
74
11
49
23
31
89
53
99
83
87
42
2
23
42
77
92
55
1
27
100
80
91
83
62
43
50
99
51
97
30
62
73
35
23
53
4
64
41
92
48
43
98
27
72
15
1
51
4
79
39
16
1
74
16
11
69
70
33
17
20
57
67
72
33
93
80
17
91
34
56
80
33
12
30
45
8
39
76
21
28
46
97
71
78
65
45
54
80
13
90
82
4
83
56
86
56
23
5
40
74
22
93
80
0
50
48
55
63
73
62
31
6
61
63
45
71
75
64
100
21
51
12
59
60
95
10
71
25
34
23
64
73
65
16
11
99
63
76
77
7
49
52
91
57
95
59
24
25
0
23
0
85
46
16
87
92
19
18
5
23
4
9
63
92
95
16
47
20
95
62
2
66
14
51
29
100
10
90
2
67
34
38
42
46
62
80
90
59
36
95
92
36
92
99
80
63
56
69
94
94
72
70
45
79
34
62
28
11
65
21
66
4
41
23
99
51
55
13
49
37
64
84
70
32
67
55
32
100
64
78
4
69
3
26
13
61
83
13
27
95
14
17
5
94
51
6
46
82
6
29
74
89
1
29
8
94
98
2
20
76
32
49
7
76
44
27
20
25
29
62
31
8
21
2
16
39
29
5
62
90
39
38
6
19
56
44
67
80
37
58
48
22
32
2
54
23
35
82
100
94
47
1
31
20
87
44
5
40
25
39
35
78
12
17
66
10
79
28
83
43
93
83
12
43
45
95
2
75
62
10
83
92
17
55
41
52
1
12
33
64
25
95
40
63
90
97
26
82
24
88
44
20
79
97
67
1
8
83
26
97
79
54
59
49
44
91
61
47
48
71
66
60
87
83
66
20
76
39
38
6
59
62
91
69
96
54
27
5
98
8
45
23
17
60
83
65
92
3
16
50
6
17
34
45
62
37
64
58
96
22
27
51
37
41
77
21
2
64
16
95
72
61
77
98
20
69
73
90
60
73
74
16
32
81
76
45
3
92
64
61
86
0
11
85
72
45
95
86
13
29
64
53
60
83
80
6
5
0
96
62
8
60
5
11
77
5
17
43
9
75
95
64
17
26
44
100
61
36
54
41
27
32
85
19
63
62
71
88
59
47
23
64
32
73
81
92
85
22
56
1
56
13
9
43
24
10
67
5
55
91
13
30
44
52
61
56
2
96
11
72
4
57
43
64
90
26
61
38
87
5
33
28
70
36
67
72
66
8
24
29
71
34
23
58
31
84
66
51
90
29
13
32
80
96
39
0
9
37
71
86
3
70
34
2
59
39
70
28
73
11
56
78
65
45
10
38
7
51
99
26
32
17
25
56
9
65
42
84
24
54
58
81
56
67
13
98
25
81
60
37
33
17
16
6
7
2
29
85
32
67
63
82
23
86
33
69
80
99
0
19
96
31
41
14
56
2
81
6
94
72
52
84
27
27
40
52
30
22
48
87
1
36
65
55
21
23
36
6
43
57
28
87
74
41
59
49
39
5
60
24
17
92
33
45
84
70
98
25
74
50
24
13
55
32
75
77
21
57
62
60
40
81
48
94
53
39
3
78
7
91
81
10
95
84
66
21
31
33
87
95
62
55
50
2
87
26
44
80
56
39
43
86
81
15
88
71
5
44
23
81
43
28
8
60
56
57
23
75
11
41
36
38
34
10
21
99
19
66
89
50
6
92
12
21
100
76
39
75
79
63
60
58
6
13
89
1
93
23
66
39
43
76
15
30
100
49
2
98
19
37
82
32
51
37
2
23
94
84
29
35
3
32
45
73
53
55
10
97
29
95
24
26
71
55
80
6
28
15
51
89
23
59
40
27
94
95
55
42
88
88
34
5
46
79
97
6
14
69
48
81
73
35
95
18
23
64
17
24
70
70
94
53
46
6
1
96
30
94
55
14
88
21
42
17
18
20
17
4
63
47
24
81
89
80
11
37
70
35
11
96
76
16
29
30
17
29
85
97
40
68
99
49
93
45
60
0
23
9
44
70
69
73
40
24
24
12
1
77
8
72
94
58
62
44
39
23
52
5
16
60
49
98
31
53
100
87
60
12
12
57
90
61
2
61
28
43
69
90
45
11
71
23
11
15
39
93
37
62
74
44
44
51
36
32
51
3
73
45
50
31
91
88
83
2
58
74
31
7
32
3
47
75
87
43
48
91
47
81
55
58
72
12
4
40
72
29
56
80
10
90
90
42
100
22
93
83
21
50
52
8
24
43
41
22
64
92
47
57
68
88
29
14
78
66
71
52
68
19
90
63
50
13
23
56
49
9
97
1
3
92
49
8
76
37
90
97
26
48
86
45
0
4
34
89
65
58
86
53
4
78
23
1
44
23
19
89
11
83
21
35
89
35
68
61
29
23
59
59
28
68
82
1
39
75
71
78
36
62
100
5
90
2
52
87
83
79
71
26
29
47
12
71
80
52
64
81
35
88
90
68
41
67
79
39
15
49
79
16
10
27
19
32
88
62
30
67
40
3
14
65
38
21
57
88
35
93
53
26
88
46
89
21
87
9
24
33
14
72
48
47
72
85
40
9
60
18
16
26
90
39
48
25
31
76
35
56
52
69
18
47
69
88
52
69
98
91
87
89
82
34
3
34
82
75
78
44
60
33
75
78
24
59
41
44
94
65
50
47
45
18
71
82
8
51
86
0
20
10
46
90
42
27
87
98
63
40
30
69
29
99
95
81
2
80
68
3
98
6
58
53
80
61
72
67
52
33
32
58
23
54
69
8
46
41
19
7
66
35
44
61
7
64
34
97
81
36
45
51
69
54
49
7
58
13
94
72
82
43
96
53
97
57
68
15
58
43
5
18
11
32
40
69
62
37
75
2
58
10
72
94
12
95
77
7
65
86
0
93
69
4
81
4
93
22
67
23
74
99
49
5
41
87
36
27
29
19
80
68
32
37
6
55
32
2
76
0
84
98
100
38
52
5
28
8
14
50
5
53
80
36
90
52
22
99
86
64
37
98
72
83
14
89
3
83
9
52
98
36
11
16
44
20
93
31
46
89
63
84
71
19
9
45
51
26
60
46
95
15
72
86
37
85
6
17
38
10
64
100
68
76
57
40
47
50
80
70
70
14
52
67
74
17
54
60
68
44
99
55
43
65
86
41
96
32
93
97
42
27
75
55
83
45
37
10
71
98
72
68
39
11
55
98
41
91
27
85
63
70
70
72
88
15
10
34
97
16
81
42
28
46
32
30
75
96
82
90
23
3
58
16
18
46
100
97
17
88
7
55
22
83
36
60
35
53
28
40
85
98
97
86
27
89
41
15
47
44
38
26
95
0
87
33
66
11
75
30
28
37
54
82
63
36
14
70
31
40
16
53
96
86
15
68
19
85
88
60
99
23
66
100
91
53
78
29
86
48
40
87
49
56
13
74
27
59
46
12
97
33
50
79
32
61
89
6
91
13
42
13
28
70
56
26
90
5
75
61
78
26
58
49
78
33
33
55
3
78
4
98
29
79
1
98
77
97
6
57
17
30
1
30
12
25
20
84
92
77
15
9
68
74
33
84
4
47
88
55
42
56
3
24
87
76
48
61
63
37
51
53
27
27
86
9
77
77
47
77
32
37
86
79
100
29
90
64
85
71
79
23
31
81
35
86
58
47
2
47
62
87
25
32
98
46
38
93
34
43
63
18
69
58
74
43
33
82
65
30
63
24
13
5
87
51
33
14
14
4
89
63
37
67
54
16
27
99
25
75
55
93
52
32
48
49
25
9
39
59
81
68
23
39
20
9
57
81
56
90
11
51
62
84
83
25
18
1
5
15
99
67
75
57
33
84
92
90
80
57
27
70
15
77
99
38
64
10
42
2
3
48
92
76
40
84
52
73
72
24
16
65
89
4
29
6
68
89
53
36
2
66
27
32
20
17
46
40
61
52
55
2
34
27
38
63
21
76
36
94
2
50
12
62
37
49
92
69
82
80
79
8
60
3
8
92
52
86
10
74
22
38
5
69
35
40
90
62
0
11
7
10
17
64
91
25
18
68
4
81
1
27
63
71
70
89
93
66
41
8
56
58
43
1
0
94
20
63
79
67
43
50
94
86
3
96
44
52
12
31
14
74
32
21
81
11
48
82
74
28
79
31
20
30
18
45
71
88
2
39
46
12
80
84
35
33
96
95
43
13
78
62
53
70
14
22
18
18
58
62
56
97
30
81
14
38
96
57
94
20
60
73
93
54
0
30
50
10
96
95
59
56
30
20
89
85
53
42
66
96
53
56
38
24
1
27
29
28
7
95
12
28
48
63
100
18
69
57
45
100
72
46
86
60
20
77
17
25
27
57
70
24
96
38
34
65
87
48
15
60
66
43
42
85
69
27
32
89
50
27
2
40
27
57
45
8
65
56
98
95
12
75
86
77
79
84
53
98
83
45
64
99
19
93
74
51
15
97
26
82
34
90
18
92
71
38
57
17
24
80
59
49
81
64
73
76
26
11
7
57
64
10
16
48
56
28
5
29
58
77
88
52
90
45
75
52
0
77
20
78
34
22
65
23
55
17
50
19
7
22
59
37
15
92
75
12
84
83
63
69
79
63
61
27
59
85
10
32
65
61
49
58
91
49
89
85
14
70
7
70
39
31
82
14
7
33
18
96
7
72
32
80
22
66
13
53
22
93
81
97
56
48
69
19
28
41
0
47
87
43
9
64
49
41
19
33
77
67
97
7
6
68
26
64
26
53
12
51
46
2
48
30
16
26
51
84
56
25
18
15
71
7
10
46
82
33
17
92
10
10
44
11
39
70
76
45
41
83
54
89
76
66
94
51
82
90
42
35
29
30
41
19
17
40
96
46
27
60
52
74
78
50
42
62
32
6
48
74
44
98
40
85
45
9
5
24
13
73
42
89
35
44
86
61
87
36
25
70
30
64
78
73
13
62
32
0
40
31
3
81
47
96
23
67
21
61
98
4
13
87
100
55
90
88
67
20
64
90
19
15
84
84
40
5
3
91
21
49
58
47
90
94
29
14
61
5
50
86
7
97
45
64
31
33
75
74
16
32
1
28
78
53
40
85
82
34
63
66
43
38
43
63
93
64
63
76
61
15
76
46
12
11
84
55
97
88
54
72
100
4
48
78
37
27
57
48
52
57
23
91
15
42
2
16
62
6
27
33
0
64
63
5
72
1
64
36
2
21
68
19
36
30
8
21
43
52
21
84
19
33
39
93
14
56
50
81
0
7
53
35
96
15
31
71
68
77
1
23
38
80
42
15
80
90
75
31
92
9
14
28
81
89
23
12
19
82
27
10
63
32
99
9
80
22
38
17
82
45
97
47
30
31
67
47
67
52
34
83
73
58
16
82
33
83
16
33
16
98
14
55
86
34
28
64
49
89
5
49
49
19
93
5
13
98
6
72
14
13
1
13
81
5
84
100
11
7
48
12
46
12
57
60
24
22
66
16
19
68
20
84
80
43
89
82
43
30
48
67
90
90
76
3
96
36
88
28
87
87
38
52
67
45
26
57
9
21
43
94
77
98
98
26
10
42
21
2
58
7
41
18
63
29
22
56
62
16
68
40
48
32
61
11
9
87
30
48
53
48
93
50
68
10
65
72
17
12
1
67
52
61
11
43
46
22
87
52
48
14
74
69
99
53
46
95
11
16
59
20
25
82
37
77
69
73
79
76
10
19
71
29
46
4
15
33
81
21
19
49
31
93
10
44
37
85
84
27
85
94
53
45
29
29
73
30
45
18
38
54
32
51
79
95
66
0
89
90
84
31
83
51
28
60
52
38
64
13
33
47
68
27
88
64
74
64
23
70
28
33
19
25
79
67
5
37
25
17
46
53
95
87
16
29
8
28
33
22
34
22
12
69
21
72
96
69
93
92
43
80
1
11
94
63
75
83
22
45
55
67
63
54
73
72
29
72
41
94
91
84
43
86
11
90
50
90
88
93
42
3
20
82
74
42
66
34
46
82
12
12
27
61
16
65
92
29
26
13
41
79
77
76
77
90
55
32
3
96
30
59
34
82
56
26
5
91
87
43
28
65
60
43
28
73
19
31
29
98
78
77
53
96
75
26
89
22
100
61
6
25
62
20
15
59
97
31
0
49
23
81
46
7
60
64
7
96
96
38
95
67
83
89
42
49
45
15
31
29
43
60
74
22
23
22
23
86
97
81
90
45
28
53
57
8
27
13
11
54
79
50
14
53
27
22
52
64
90
13
65
2
18
79
39
47
67
1
87
73
2
25
60
0
8
20
16
31
18
65
44
90
5
26
63
58
56
64
31
14
81
22
40
19
87
83
31
98
11
93
45
31
51
19
69
30
92
1
21
16
97
21
65
20
100
56
27
14
41
21
48
7
74
39
45
86
89
30
26
42
65
65
60
95
47
23
55
68
18
49
0
40
69
74
91
71
98
22
12
62
8
99
86
0
87
28
22
98
23
59
3
70
100
38
63
100
99
32
88
94
13
43
37
11
71
35
28
97
87
30
85
76
80
80
47
64
100
94
76
37
34
68
34
16
96
62
80
56
61
57
94
69
56
55
29
42
14
75
1
49
45
90
86
36
0
54
96
1
6
7
64
24
75
30
58
77
78
75
4
42
85
0
49
47
86
21
11
15
19
83
74
80
46
22
84
62
58
29
42
74
19
70
11
63
80
55
73
61
92
17
87
38
11
16
95
97
27
73
85
82
66
58
3
75
82
97
36
60
15
72
37
33
85
63
34
41
7
56
61
75
86
77
45
66
19
88
74
50
30
22
37
81
59
73
1
54
35
18
43
14
95
76
60
86
55
84
0
46
28
60
55
100
45
77
55
20
20
83
56
35
84
14
23
34
44
40
70
84
81
39
73
60
9
81
79
67
23
62
87
33
70
24
4
76
87
41
1
20
84
40
6
3
79
2
8
90
73
46
33
92
84
57
90
56
71
98
82
89
56
41
69
10
5
96
43
19
85
51
24
9
76
36
88
52
25
26
33
38
82
74
66
78
36
20
28
51
61
94
45
59
93
85
87
97
40
37
10
39
11
100
37
54
98
90
78
95
20
80
92
59
94
72
28
83
30
23
49
8
8
72
93
40
29
47
37
16
4
9
37
13
61
42
53
94
85
50
86
87
2
77
74
10
53
0
2
10
85
69
26
19
27
94
91
38
65
61
55
33
90
33
26
35
76
66
61
47
4
59
17
8
7
80
20
41
81
85
13
49
49
14
73
96
64
18
98
81
80
75
93
75
63
46
96
10
72
12
90
20
60
11
87
97
59
73
31
2
92
58
75
6
85
70
81
24
54
76
32
42
47
59
24
20
14
6
95
27
45
73
97
20
10
85
82
86
83
35
66
97
6
52
70
53
97
4
69
88
51
25
68
24
77
19
6
48
79
49
69
87
46
91
72
71
87
28
99
51
6
18
31
78
52
73
73
49
81
37
36
64
21
1
99
20
32
49
46
89
22
7
60
14
46
10
81
2
88
10
75
26
66
43
99
62
40
28
13
100
56
90
45
74
53
32
8
89
22
44
49
52
2
79
15
12
84
70
0
26
75
53
45
92
86
48
66
96
69
11
90
74
69
86
26
11
85
29
5
97
32
45
58
56
67
27
51
61
13
61
89
90
47
68
37
38
50
77
21
35
69
10
37
83
54
69
62
97
61
8
8
56
39
2
89
78
69
58
22
9
22
2
0
92
46
21
33
73
96
22
38
22
71
32
60
46
86
33
76
32
1
40
70
44
72
13
84
91
2
17
7
82
3
65
65
21
76
3
72
97
28
78
43
68
8
26
88
70
20
50
86
11
30
65
3
61
8
25
97
97
54
2
100
21
16
82
70
56
5
32
61
44
95
23
36
71
33
36
56
90
39
63
60
78
93
28
78
10
57
71
13
43
43
42
97
67
36
34
51
31
67
71
16
52
85
6
38
90
50
8
58
29
48
1
94
66
29
25
29
92
85
91
57
18
89
62
73
13
64
58
59
54
47
11
76
50
37
72
71
16
11
96
71
60
27
20
9
19
11
76
7
25
10
75
58
38
45
19
71
11
22
46
7
66
7
99
38
28
64
33
51
92
43
83
73
49
29
13
22
18
95
43
4
65
45
82
21
35
76
98
98
40
66
49
97
83
20
70
11
54
60
52
16
98
56
83
26
7
16
95
18
14
19
82
67
9
53
33
77
61
23
25
23
87
93
45
62
29
77
15
97
96
39
31
74
12
65
1
88
28
21
6
61
72
8
28
14
80
13
41
42
39
86
14
48
63
29
97
19
25
69
32
75
75
28
79
65
82
93
67
67
95
1
100
63
2
76
80
99
24
95
86
35
36
57
95
10
93
15
81
50
56
5
44
36
68
46
27
66
43
59
14
13
46
62
17
28
72
84
87
57
79
50
7
40
31
22
75
66
29
39
87
34
70
54
94
92
28
15
11
67
49
87
31
76
89
32
27
97
77
41
29
28
54
75
32
99
78
12
15
93
43
91
24
63
77
10
66
20
35
93
66
40
46
43
69
59
16
41
92
60
50
64
66
12
84
8
4
93
85
36
22
71
45
86
22
78
33
30
15
74
84
59
7
84
86
83
71
3
18
43
56
4
70
35
17
70
81
95
9
96
81
23
96
70
75
79
48
42
83
55
51
20
53
98
38
69
42
89
77
95
74
100
96
48
53
12
82
79
31
51
15
37
96
45
28
42
38
56
64
23
97
33
99
13
88
58
19
24
15
47
34
81
36
32
49
62
54
70
57
37
87
51
7
93
100
29
75
46
24
42
26
60
55
13
37
56
37
67
25
62
89
8
93
16
77
65
91
100
83
95
77
45
32
52
59
65
86
48
93
30
86
62
88
4
10
71
54
90
78
96
81
93
65
42
78
54
88
31
63
17
3
64
22
59
17
58
21
54
40
21
89
58
20
68
85
49
21
74
73
36
7
3
75
39
42
88
36
27
28
49
3
27
6
39
16
16
82
42
66
50
74
68
95
35
71
91
87
91
8
43
82
64
35
89
14
3
57
42
76
6
43
100
55
1
75
6
22
4
1
72
32
55
9
76
1
11
36
79
75
64
56
20
65
96
69
46
4
43
99
25
43
25
24
80
23
67
33
54
16
87
96
91
37
46
49
84
66
47
97
59
6
25
85
63
34
7
60
35
70
63
60
92
19
41
80
82
70
52
65
80
24
78
59
71
62
51
23
31
74
47
35
49
72
41
36
95
80
18
72
8
99
100
98
55
23
47
69
77
95
70
12
81
23
34
22
14
42
43
61
85
73
31
75
68
94
25
47
43
28
73
31
97
72
7
61
73
72
34
44
89
12
32
5
8
87
40
26
62
33
46
30
97
41
59
70
79
34
15
68
19
99
83
16
22
24
82
28
89
5
37
70
80
13
68
6
30
92
5
71
52
73
87
85
4
97
24
0
21
95
9
74
25
65
87
60
65
76
6
96
37
15
36
35
96
95
62
86
64
93
23
40
35
37
81
53
26
17
98
65
21
8
56
92
75
99
14
66
72
64
64
17
5
86
70
97
60
91
21
74
73
61
98
4
0
84
95
41
79
66
20
50
16
31
56
19
75
24
67
58
30
5
4
7
62
75
21
4
92
44
87
68
85
32
73
83
100
83
84
93
49
65
32
0
79
67
48
57
58
20
85
35
92
65
47
9
0
65
66
93
96
54
44
62
21
1
91
48
78
57
57
87
51
20
32
93
66
0
85
91
99
34
21
16
12
10
75
20
82
71
3
46
88
91
59
74
95
44
41
85
35
96
39
17
80
77
42
81
0
92
46
94
59
9
52
80
95
45
37
33
8
26
49
47
9
43
70
73
27
7
27
78
0
73
3
56
68
41
41
3
42
0
12
77
20
14
38
0
92
89
62
6
84
2
52
46
30
27
67
57
90
70
12
30
90
95
25
42
98
15
79
47
13
90
100
29
25
84
10
40
30
42
53
21
4
78
51
66
30
15
39
82
25
84
38
55
17
8
72
17
26
17
83
14
85
37
27
79
84
20
22
60
35
31
77
52
1
11
79
52
36
9
11
72
72
39
91
68
40
15
56
79
62
11
97
40
21
42
33
4
91
60
66
14
14
69
33
73
93
80
96
63
16
18
62
56
30
39
50
34
81
80
96
59
20
41
71
66
84
21
99
94
16
24
16
53
67
76
54
56
2
32
25
59
54
30
95
83
29
86
43
76
9
33
36
61
30
9
86
16
47
29
98
45
58
