1000
100
24
30
67
10
0
9
27
65
23
56
75
98
64
3
42
65
41
28
19
69
67
45
22
17
98
97
51
37
12
64
3
94
2
99
2
10
68
63
33
86
42
49
29
66
78
72
15
30
97
50
85
63
96
17
68
47
29
32
30
25
47
15
86
62
39
17
94
23
53
57
53
78
44
82
13
34
0
38
5
89
82
98
31
38
48
27
85
69
19
95
10
30
18
44
6
76
63
45
47
57
68
40
73
14
69
78
92
47
99
38
7
56
24
26
89
96
73
28
7
86
99
86
36
29
24
25
2
99
100
100
95
97
38
99
60
22
54
71
77
47
65
2
32
45
49
45
40
49
53
78
78
59
48
78
62
65
32
14
13
99
12
34
21
25
12
11
15
13
83
36
20
83
12
96
39
1
10
6
13
57
62
0
46
28
51
11
88
60
100
48
27
77
36
14
61
30
24
22
70
21
39
14
72
32
12
2
52
24
27
65
8
33
64
39
11
39
66
76
49
89
19
22
78
66
66
48
64
99
79
27
99
42
50
92
51
33
48
28
43
71
56
48
61
44
52
39
7
17
55
51
40
57
4
36
93
89
61
0
87
17
53
93
79
67
42
2
39
19
47
73
71
41
33
71
45
78
88
53
86
7
96
66
62
26
6
0
25
32
91
27
78
23
21
100
67
16
21
52
0
3
55
16
74
26
58
66
95
74
88
52
11
44
76
59
0
80
92
97
69
23
75
53
23
71
32
95
10
23
70
92
64
22
20
76
97
67
20
17
18
53
69
21
99
29
100
63
86
52
67
38
74
61
80
35
35
83
80
9
47
64
7
80
13
68
52
51
4
79
81
25
92
79
31
80
9
97
13
97
88
22
12
64
75
38
83
36
58
79
63
65
45
61
70
71
8
91
95
90
64
29
94
98
38
40
98
99
45
46
77
86
44
17
5
54
93
45
63
61
14
22
6
41
46
13
58
22
10
63
47
51
3
81
84
41
91
55
65
64
24
17
68
83
18
36
4
96
55
9
65
36
17
34
15
86
15
94
62
50
71
97
26
69
60
55
10
45
5
11
31
4
70
38
76
98
1
35
9
24
65
36
76
77
28
63
12
48
30
70
49
89
68
5
20
95
17
3
99
4
95
67
90
79
70
99
35
79
29
63
50
22
4
77
94
70
24
2
99
57
80
83
2
33
23
45
86
16
85
63
58
8
70
16
75
36
54
22
98
92
52
67
27
10
4
30
14
41
56
7
0
61
56
64
64
31
35
93
51
62
31
49
14
33
99
34
63
83
92
4
47
57
57
37
86
71
54
58
87
53
56
4
25
10
11
86
8
86
71
2
24
24
54
97
91
74
54
71
28
7
41
69
22
35
100
15
13
9
44
99
20
52
73
10
87
19
7
98
63
62
52
20
73
21
89
6
82
85
5
68
63
62
13
97
47
5
21
86
55
24
73
57
91
98
70
19
66
36
32
23
55
67
31
95
13
47
100
53
43
60
46
53
42
43
57
23
73
1
23
73
38
62
94
69
72
14
65
42
31
0
96
7
25
75
35
47
51
2
7
97
60
71
80
73
59
53
42
70
71
2
59
35
9
1
99
100
19
32
57
25
76
48
90
66
46
34
63
97
87
10
54
50
25
55
40
17
41
68
36
37
56
59
96
60
81
17
70
30
86
26
0
30
61
47
76
37
91
54
81
77
62
21
30
55
12
41
78
74
91
62
5
72
52
37
6
95
100
9
5
37
49
55
93
53
88
70
62
68
85
92
67
47
40
15
41
17
99
60
51
92
6
40
96
38
37
64
44
46
24
66
5
24
66
79
35
81
10
20
78
0
27
28
6
51
76
61
86
81
31
30
38
25
12
90
77
20
74
56
73
8
71
33
6
94
12
51
79
24
17
49
28
65
67
25
69
44
85
81
35
76
36
31
70
10
2
4
24
91
0
4
86
97
3
7
30
29
8
69
65
100
17
49
16
84
44
49
66
27
100
76
91
83
93
87
12
54
95
16
24
45
93
72
67
55
69
100
24
53
93
7
15
18
35
19
67
96
90
46
63
22
22
97
21
47
52
67
83
55
36
56
97
52
30
87
0
0
85
83
61
11
23
5
75
71
13
83
1
36
55
85
56
74
89
10
62
33
95
10
27
15
24
35
19
26
54
64
89
15
52
21
87
35
82
61
47
50
87
87
89
27
96
89
61
64
37
70
10
70
1
81
14
2
48
50
31
86
88
41
77
30
90
19
22
73
4
55
17
72
49
31
28
